ITER 0
Cell0 
0 0
1 0
2 0
3 0
4 0
5 0
6 0
7 0
8 0
9 0
10 0
11 0
12 0
13 0
ITER 0
Cell1 
0 0
1 0
2 0
3 0
4 0
5 0
6 0
7 0
8 0
9 0
10 0
11 0
12 0
13 0
ITER 1
Cell0
0 23.6406
1 15.6883
2 15.6883
3 16.5053
4 15.6883
5 16.5053
6 16.5053
7 16.5053
8 16.5053
9 16.5053
10 4.24613
11 4.24613
12 4.24613
13 6.55802
ITER 1
Cell1
0 23.6406
1 15.6883
2 15.6883
3 16.5053
4 15.6883
5 16.5053
6 16.5053
7 16.5053
8 16.5053
9 16.5053
10 4.24613
11 4.24613
12 4.24613
13 6.55802
ITER 2
Cell0
0 2.33109
1 1.52538
2 1.52538
3 2.96894
4 1.52538
5 2.96894
6 2.96894
7 2.96894
8 2.96894
9 2.96894
10 3.27487
11 3.27487
12 3.27487
13 5.07825
ITER 2
Cell1
0 2.33109
1 1.52538
2 1.52538
3 2.96894
4 1.52538
5 2.96894
6 2.96894
7 2.96894
8 2.96894
9 2.96894
10 3.27487
11 3.27487
12 3.27487
13 5.07825
ITER 3
Cell0
0 1.43782
1 0.948102
2 0.948102
3 2.2764
4 0.948102
5 2.2764
6 2.2764
7 2.2764
8 2.2764
9 2.2764
10 2.76233
11 2.76233
12 2.76233
13 4.24637
ITER 3
Cell1
0 1.43782
1 0.948102
2 0.948102
3 2.2764
4 0.948102
5 2.2764
6 2.2764
7 2.2764
8 2.2764
9 2.2764
10 2.76233
11 2.76233
12 2.76233
13 4.24637
ITER 4
Cell0
0 1.09245
1 0.736429
2 0.736429
3 1.67816
4 0.736429
5 1.67816
6 1.67816
7 1.67816
8 1.67816
9 1.67816
10 2.27317
11 2.27317
12 2.27317
13 3.4705
ITER 4
Cell1
0 1.09245
1 0.736429
2 0.736429
3 1.67816
4 0.736429
5 1.67816
6 1.67816
7 1.67816
8 1.67816
9 1.67816
10 2.27317
11 2.27317
12 2.27317
13 3.4705
ITER 5
Cell0
0 0.865389
1 0.60755
2 0.60755
3 1.20587
4 0.60755
5 1.20587
6 1.20587
7 1.20587
8 1.20587
9 1.20587
10 1.85868
11 1.85868
12 1.85868
13 2.82166
ITER 5
Cell1
0 0.865389
1 0.60755
2 0.60755
3 1.20587
4 0.60755
5 1.20587
6 1.20587
7 1.20587
8 1.20587
9 1.20587
10 1.85868
11 1.85868
12 1.85868
13 2.82166
ITER 6
Cell0
0 0.718255
1 0.531544
2 0.531544
3 0.847998
4 0.531544
5 0.847998
6 0.847998
7 0.847998
8 0.847998
9 0.847998
10 1.52111
11 1.52111
12 1.52111
13 2.29685
ITER 6
Cell1
0 0.718255
1 0.531544
2 0.531544
3 0.847998
4 0.531544
5 0.847998
6 0.847998
7 0.847998
8 0.847998
9 0.847998
10 1.52111
11 1.52111
12 1.52111
13 2.29685
ITER 7
Cell0
0 0.626736
1 0.488498
2 0.488498
3 0.590463
4 0.488498
5 0.590463
6 0.590463
7 0.590463
8 0.590463
9 0.590463
10 1.25409
11 1.25409
12 1.25409
13 1.8821
ITER 7
Cell1
0 0.626736
1 0.488498
2 0.488498
3 0.590463
4 0.488498
5 0.590463
6 0.590463
7 0.590463
8 0.590463
9 0.590463
10 1.25409
11 1.25409
12 1.25409
13 1.8821
ITER 8
Cell0
0 0.572399
1 0.464596
2 0.464596
3 0.420592
4 0.464596
5 0.420592
6 0.420592
7 0.420592
8 0.420592
9 0.420592
10 1.04762
11 1.04762
12 1.04762
13 1.55983
ITER 8
Cell1
0 0.572399
1 0.464596
2 0.464596
3 0.420592
4 0.464596
5 0.420592
6 0.420592
7 0.420592
8 0.420592
9 0.420592
10 1.04762
11 1.04762
12 1.04762
13 1.55983
ITER 9
Cell0
0 0.541902
1 0.451336
2 0.451336
3 0.326754
4 0.451336
5 0.326754
6 0.326754
7 0.326754
8 0.326754
9 0.326754
10 0.890657
11 0.890657
12 0.890657
13 1.31228
ITER 9
Cell1
0 0.541902
1 0.451336
2 0.451336
3 0.326754
4 0.451336
5 0.326754
6 0.326754
7 0.326754
8 0.326754
9 0.326754
10 0.890657
11 0.890657
12 0.890657
13 1.31228
