ITER 0
Cell0 
0 0
1 0
2 0
3 0
4 0
5 0
6 0
7 0
ITER 1
Cell0
0 9.56554
1 9.56554
2 9.56554
3 9.56554
4 9.56554
5 9.56554
6 9.56554
7 9.56554
ITER 2
Cell0
0 7.5225
1 7.5225
2 7.5225
3 7.5225
4 7.5225
5 7.5225
6 7.5225
7 7.5225
ITER 3
Cell0
0 5.61454
1 5.61454
2 5.61454
3 5.61454
4 5.61454
5 5.61454
6 5.61454
7 5.61454
ITER 4
Cell0
0 4.00307
1 4.00307
2 4.00307
3 4.00307
4 4.00307
5 4.00307
6 4.00307
7 4.00307
ITER 5
Cell0
0 2.75116
1 2.75116
2 2.75116
3 2.75116
4 2.75116
5 2.75116
6 2.75116
7 2.75116
ITER 6
Cell0
0 1.83898
1 1.83898
2 1.83898
3 1.83898
4 1.83898
5 1.83898
6 1.83898
7 1.83898
ITER 7
Cell0
0 1.20495
1 1.20495
2 1.20495
3 1.20495
4 1.20495
5 1.20495
6 1.20495
7 1.20495
ITER 8
Cell0
0 0.778709
1 0.778709
2 0.778709
3 0.778709
4 0.778709
5 0.778709
6 0.778709
7 0.778709
ITER 9
Cell0
0 0.498616
1 0.498616
2 0.498616
3 0.498616
4 0.498616
5 0.498616
6 0.498616
7 0.498616
ITER 10
Cell0
0 0.317337
1 0.317337
2 0.317337
3 0.317337
4 0.317337
5 0.317337
6 0.317337
7 0.317337
ITER 11
Cell0
0 0.201173
1 0.201173
2 0.201173
3 0.201173
4 0.201173
5 0.201173
6 0.201173
7 0.201173
ITER 12
Cell0
0 0.127211
1 0.127211
2 0.127211
3 0.127211
4 0.127211
5 0.127211
6 0.127211
7 0.127211
ITER 13
Cell0
0 0.0803131
1 0.0803131
2 0.0803131
3 0.0803131
4 0.0803131
5 0.0803131
6 0.0803131
7 0.0803131
ITER 14
Cell0
0 0.050653
1 0.050653
2 0.050653
3 0.050653
4 0.050653
5 0.050653
6 0.050653
7 0.050653
ITER 15
Cell0
0 0.031926
1 0.031926
2 0.031926
3 0.031926
4 0.031926
5 0.031926
6 0.031926
7 0.031926
ITER 16
Cell0
0 0.0201145
1 0.0201145
2 0.0201145
3 0.0201145
4 0.0201145
5 0.0201145
6 0.0201145
7 0.0201145
ITER 17
Cell0
0 0.0126695
1 0.0126695
2 0.0126695
3 0.0126695
4 0.0126695
5 0.0126695
6 0.0126695
7 0.0126695
ITER 18
Cell0
0 0.0079789
1 0.0079789
2 0.0079789
3 0.0079789
4 0.0079789
5 0.0079789
6 0.0079789
7 0.0079789
ITER 19
Cell0
0 0.00502437
1 0.00502437
2 0.00502437
3 0.00502437
4 0.00502437
5 0.00502437
6 0.00502437
7 0.00502437
ITER 20
Cell0
0 0.00316367
1 0.00316367
2 0.00316367
3 0.00316367
4 0.00316367
5 0.00316367
6 0.00316367
7 0.00316367
ITER 21
Cell0
0 0.00199198
1 0.00199198
2 0.00199198
3 0.00199198
4 0.00199198
5 0.00199198
6 0.00199198
7 0.00199198
ITER 22
Cell0
0 0.0012542
1 0.0012542
2 0.0012542
3 0.0012542
4 0.0012542
5 0.0012542
6 0.0012542
7 0.0012542
ITER 23
Cell0
0 0.000789662
1 0.000789662
2 0.000789662
3 0.000789662
4 0.000789662
5 0.000789662
6 0.000789662
7 0.000789662
ITER 24
Cell0
0 0.000497178
1 0.000497178
2 0.000497178
3 0.000497178
4 0.000497178
5 0.000497178
6 0.000497178
7 0.000497178
ITER 25
Cell0
0 0.000313025
1 0.000313025
2 0.000313025
3 0.000313025
4 0.000313025
5 0.000313025
6 0.000313025
7 0.000313025
ITER 26
Cell0
0 0.000197081
1 0.000197081
2 0.000197081
3 0.000197081
4 0.000197081
5 0.000197081
6 0.000197081
7 0.000197081
ITER 27
Cell0
0 0.000124082
1 0.000124082
2 0.000124082
3 0.000124082
4 0.000124082
5 0.000124082
6 0.000124082
7 0.000124082
ITER 28
Cell0
0 7.81222e-05
1 7.81222e-05
2 7.81222e-05
3 7.81222e-05
4 7.81222e-05
5 7.81222e-05
6 7.81222e-05
7 7.81222e-05
ITER 29
Cell0
0 4.91856e-05
1 4.91856e-05
2 4.91856e-05
3 4.91856e-05
4 4.91856e-05
5 4.91856e-05
6 4.91856e-05
7 4.91856e-05
ITER 30
Cell0
0 3.09672e-05
1 3.09672e-05
2 3.09672e-05
3 3.09672e-05
4 3.09672e-05
5 3.09672e-05
6 3.09672e-05
7 3.09672e-05
ITER 31
Cell0
0 1.94969e-05
1 1.94969e-05
2 1.94969e-05
3 1.94969e-05
4 1.94969e-05
5 1.94969e-05
6 1.94969e-05
7 1.94969e-05
ITER 32
Cell0
0 1.22752e-05
1 1.22752e-05
2 1.22752e-05
3 1.22752e-05
4 1.22752e-05
5 1.22752e-05
6 1.22752e-05
7 1.22752e-05
ITER 33
Cell0
0 7.72843e-06
1 7.72843e-06
2 7.72843e-06
3 7.72843e-06
4 7.72843e-06
5 7.72843e-06
6 7.72843e-06
7 7.72843e-06
ITER 34
Cell0
0 4.8658e-06
1 4.8658e-06
2 4.8658e-06
3 4.8658e-06
4 4.8658e-06
5 4.8658e-06
6 4.8658e-06
7 4.8658e-06
ITER 35
Cell0
0 3.0635e-06
1 3.0635e-06
2 3.0635e-06
3 3.0635e-06
4 3.0635e-06
5 3.0635e-06
6 3.0635e-06
7 3.0635e-06
ITER 36
Cell0
0 1.92877e-06
1 1.92877e-06
2 1.92877e-06
3 1.92877e-06
4 1.92877e-06
5 1.92877e-06
6 1.92877e-06
7 1.92877e-06
ITER 37
Cell0
0 1.21435e-06
1 1.21435e-06
2 1.21435e-06
3 1.21435e-06
4 1.21435e-06
5 1.21435e-06
6 1.21435e-06
7 1.21435e-06
ITER 38
Cell0
0 7.64551e-07
1 7.64551e-07
2 7.64551e-07
3 7.64551e-07
4 7.64551e-07
5 7.64551e-07
6 7.64551e-07
7 7.64551e-07
ITER 39
Cell0
0 4.8136e-07
1 4.8136e-07
2 4.8136e-07
3 4.8136e-07
4 4.8136e-07
5 4.8136e-07
6 4.8136e-07
7 4.8136e-07
ITER 40
Cell0
0 3.03063e-07
1 3.03063e-07
2 3.03063e-07
3 3.03063e-07
4 3.03063e-07
5 3.03063e-07
6 3.03063e-07
7 3.03063e-07
ITER 41
Cell0
0 1.90808e-07
1 1.90808e-07
2 1.90808e-07
3 1.90808e-07
4 1.90808e-07
5 1.90808e-07
6 1.90808e-07
7 1.90808e-07
ITER 42
Cell0
0 1.20132e-07
1 1.20132e-07
2 1.20132e-07
3 1.20132e-07
4 1.20132e-07
5 1.20132e-07
6 1.20132e-07
7 1.20132e-07
ITER 43
Cell0
0 7.56348e-08
1 7.56348e-08
2 7.56348e-08
3 7.56348e-08
4 7.56348e-08
5 7.56348e-08
6 7.56348e-08
7 7.56348e-08
ITER 44
Cell0
0 4.76195e-08
1 4.76195e-08
2 4.76195e-08
3 4.76195e-08
4 4.76195e-08
5 4.76195e-08
6 4.76195e-08
7 4.76195e-08
ITER 45
Cell0
0 2.99811e-08
1 2.99811e-08
2 2.99811e-08
3 2.99811e-08
4 2.99811e-08
5 2.99811e-08
6 2.99811e-08
7 2.99811e-08
ITER 46
Cell0
0 1.8876e-08
1 1.8876e-08
2 1.8876e-08
3 1.8876e-08
4 1.8876e-08
5 1.8876e-08
6 1.8876e-08
7 1.8876e-08
ITER 47
Cell0
0 1.18843e-08
1 1.18843e-08
2 1.18843e-08
3 1.18843e-08
4 1.18843e-08
5 1.18843e-08
6 1.18843e-08
7 1.18843e-08
ITER 48
Cell0
0 7.48233e-09
1 7.48233e-09
2 7.48233e-09
3 7.48233e-09
4 7.48233e-09
5 7.48233e-09
6 7.48233e-09
7 7.48233e-09
ITER 49
Cell0
0 4.71085e-09
1 4.71085e-09
2 4.71085e-09
3 4.71085e-09
4 4.71085e-09
5 4.71085e-09
6 4.71085e-09
7 4.71085e-09
