ITER 0
Cell0 
0 0
1 0
2 0
3 0
4 0
5 0
6 0
7 0
ITER 1
Cell0
0 11.5795
1 11.5795
2 11.5795
3 11.5795
4 11.5795
5 11.5795
6 11.5795
7 11.5795
ITER 2
Cell0
0 7.14273
1 7.14273
2 7.14273
3 7.14273
4 7.14273
5 7.14273
6 7.14273
7 7.14273
ITER 3
Cell0
0 4.62424
1 4.62424
2 4.62424
3 4.62424
4 4.62424
5 4.62424
6 4.62424
7 4.62424
ITER 4
Cell0
0 3.14602
1 3.14602
2 3.14602
3 3.14602
4 3.14602
5 3.14602
6 3.14602
7 3.14602
ITER 5
Cell0
0 2.20561
1 2.20561
2 2.20561
3 2.20561
4 2.20561
5 2.20561
6 2.20561
7 2.20561
ITER 6
Cell0
0 1.57648
1 1.57648
2 1.57648
3 1.57648
4 1.57648
5 1.57648
6 1.57648
7 1.57648
ITER 7
Cell0
0 1.14165
1 1.14165
2 1.14165
3 1.14165
4 1.14165
5 1.14165
6 1.14165
7 1.14165
ITER 8
Cell0
0 0.834336
1 0.834336
2 0.834336
3 0.834336
4 0.834336
5 0.834336
6 0.834336
7 0.834336
ITER 9
Cell0
0 0.613727
1 0.613727
2 0.613727
3 0.613727
4 0.613727
5 0.613727
6 0.613727
7 0.613727
ITER 10
Cell0
0 0.453576
1 0.453576
2 0.453576
3 0.453576
4 0.453576
5 0.453576
6 0.453576
7 0.453576
ITER 11
Cell0
0 0.336367
1 0.336367
2 0.336367
3 0.336367
4 0.336367
5 0.336367
6 0.336367
7 0.336367
ITER 12
Cell0
0 0.250075
1 0.250075
2 0.250075
3 0.250075
4 0.250075
5 0.250075
6 0.250075
7 0.250075
ITER 13
Cell0
0 0.186266
1 0.186266
2 0.186266
3 0.186266
4 0.186266
5 0.186266
6 0.186266
7 0.186266
ITER 14
Cell0
0 0.13893
1 0.13893
2 0.13893
3 0.13893
4 0.13893
5 0.13893
6 0.13893
7 0.13893
ITER 15
Cell0
0 0.103729
1 0.103729
2 0.103729
3 0.103729
4 0.103729
5 0.103729
6 0.103729
7 0.103729
ITER 16
Cell0
0 0.0775064
1 0.0775064
2 0.0775064
3 0.0775064
4 0.0775064
5 0.0775064
6 0.0775064
7 0.0775064
ITER 17
Cell0
0 0.0579457
1 0.0579457
2 0.0579457
3 0.0579457
4 0.0579457
5 0.0579457
6 0.0579457
7 0.0579457
ITER 18
Cell0
0 0.04334
1 0.04334
2 0.04334
3 0.04334
4 0.04334
5 0.04334
6 0.04334
7 0.04334
ITER 19
Cell0
0 0.032426
1 0.032426
2 0.032426
3 0.032426
4 0.032426
5 0.032426
6 0.032426
7 0.032426
ITER 20
Cell0
0 0.0242662
1 0.0242662
2 0.0242662
3 0.0242662
4 0.0242662
5 0.0242662
6 0.0242662
7 0.0242662
ITER 21
Cell0
0 0.0181629
1 0.0181629
2 0.0181629
3 0.0181629
4 0.0181629
5 0.0181629
6 0.0181629
7 0.0181629
ITER 22
Cell0
0 0.0135965
1 0.0135965
2 0.0135965
3 0.0135965
4 0.0135965
5 0.0135965
6 0.0135965
7 0.0135965
ITER 23
Cell0
0 0.0101792
1 0.0101792
2 0.0101792
3 0.0101792
4 0.0101792
5 0.0101792
6 0.0101792
7 0.0101792
ITER 24
Cell0
0 0.00762134
1 0.00762134
2 0.00762134
3 0.00762134
4 0.00762134
5 0.00762134
6 0.00762134
7 0.00762134
ITER 25
Cell0
0 0.00570654
1 0.00570654
2 0.00570654
3 0.00570654
4 0.00570654
5 0.00570654
6 0.00570654
7 0.00570654
ITER 26
Cell0
0 0.004273
1 0.004273
2 0.004273
3 0.004273
4 0.004273
5 0.004273
6 0.004273
7 0.004273
ITER 27
Cell0
0 0.00319968
1 0.00319968
2 0.00319968
3 0.00319968
4 0.00319968
5 0.00319968
6 0.00319968
7 0.00319968
ITER 28
Cell0
0 0.00239602
1 0.00239602
2 0.00239602
3 0.00239602
4 0.00239602
5 0.00239602
6 0.00239602
7 0.00239602
ITER 29
Cell0
0 0.00179424
1 0.00179424
2 0.00179424
3 0.00179424
4 0.00179424
5 0.00179424
6 0.00179424
7 0.00179424
ITER 30
Cell0
0 0.00134362
1 0.00134362
2 0.00134362
3 0.00134362
4 0.00134362
5 0.00134362
6 0.00134362
7 0.00134362
ITER 31
Cell0
0 0.00100619
1 0.00100619
2 0.00100619
3 0.00100619
4 0.00100619
5 0.00100619
6 0.00100619
7 0.00100619
ITER 32
Cell0
0 0.000753498
1 0.000753498
2 0.000753498
3 0.000753498
4 0.000753498
5 0.000753498
6 0.000753498
7 0.000753498
ITER 33
Cell0
0 0.000564272
1 0.000564272
2 0.000564272
3 0.000564272
4 0.000564272
5 0.000564272
6 0.000564272
7 0.000564272
ITER 34
Cell0
0 0.000422568
1 0.000422568
2 0.000422568
3 0.000422568
4 0.000422568
5 0.000422568
6 0.000422568
7 0.000422568
ITER 35
Cell0
0 0.000316451
1 0.000316451
2 0.000316451
3 0.000316451
4 0.000316451
5 0.000316451
6 0.000316451
7 0.000316451
ITER 36
Cell0
0 0.000236983
1 0.000236983
2 0.000236983
3 0.000236983
4 0.000236983
5 0.000236983
6 0.000236983
7 0.000236983
ITER 37
Cell0
0 0.000177471
1 0.000177471
2 0.000177471
3 0.000177471
4 0.000177471
5 0.000177471
6 0.000177471
7 0.000177471
ITER 38
Cell0
0 0.000132905
1 0.000132905
2 0.000132905
3 0.000132905
4 0.000132905
5 0.000132905
6 0.000132905
7 0.000132905
ITER 39
Cell0
0 9.95296e-05
1 9.95296e-05
2 9.95296e-05
3 9.95296e-05
4 9.95296e-05
5 9.95296e-05
6 9.95296e-05
7 9.95296e-05
ITER 40
Cell0
0 7.45358e-05
1 7.45358e-05
2 7.45358e-05
3 7.45358e-05
4 7.45358e-05
5 7.45358e-05
6 7.45358e-05
7 7.45358e-05
ITER 41
Cell0
0 5.58184e-05
1 5.58184e-05
2 5.58184e-05
3 5.58184e-05
4 5.58184e-05
5 5.58184e-05
6 5.58184e-05
7 5.58184e-05
ITER 42
Cell0
0 4.18014e-05
1 4.18014e-05
2 4.18014e-05
3 4.18014e-05
4 4.18014e-05
5 4.18014e-05
6 4.18014e-05
7 4.18014e-05
ITER 43
Cell0
0 3.13043e-05
1 3.13043e-05
2 3.13043e-05
3 3.13043e-05
4 3.13043e-05
5 3.13043e-05
6 3.13043e-05
7 3.13043e-05
ITER 44
Cell0
0 2.34432e-05
1 2.34432e-05
2 2.34432e-05
3 2.34432e-05
4 2.34432e-05
5 2.34432e-05
6 2.34432e-05
7 2.34432e-05
ITER 45
Cell0
0 1.75562e-05
1 1.75562e-05
2 1.75562e-05
3 1.75562e-05
4 1.75562e-05
5 1.75562e-05
6 1.75562e-05
7 1.75562e-05
ITER 46
Cell0
0 1.31475e-05
1 1.31475e-05
2 1.31475e-05
3 1.31475e-05
4 1.31475e-05
5 1.31475e-05
6 1.31475e-05
7 1.31475e-05
ITER 47
Cell0
0 9.84594e-06
1 9.84594e-06
2 9.84594e-06
3 9.84594e-06
4 9.84594e-06
5 9.84594e-06
6 9.84594e-06
7 9.84594e-06
ITER 48
Cell0
0 7.37345e-06
1 7.37345e-06
2 7.37345e-06
3 7.37345e-06
4 7.37345e-06
5 7.37345e-06
6 7.37345e-06
7 7.37345e-06
ITER 49
Cell0
0 5.52184e-06
1 5.52184e-06
2 5.52184e-06
3 5.52184e-06
4 5.52184e-06
5 5.52184e-06
6 5.52184e-06
7 5.52184e-06
